111111111111111111111111111111111111111
101001000001000100010000000011000000001
101011011100011001110010001100110000001
100001010001001000000000000010011001101
100100111011111101111111100000000100101
111100000001000001001000001001111100111
100010011001111101101110111101000101111
100000110001001000000000001000010000001
111111111001001000111111111100111110001
100000011101100011111001100000001111001
110010011100000000101001100001001011001
111010011111110110001001101011101001001
100010000000000100100000000010000000011
110111110001101111111111100101110101001
100000100101000000111110000000010011111
111111111111111111111111111111111111111
